1
2
3
4
5
6
7
8
9
10
11
12
13
14
17
18
23
24
25
26
30
32
33
37
38
39
42
43
44
45
47
49
50
51
54
55
56
58
59
60
62
63
64
65
67
68
69
70
71
73
74
76
78
80
81
82
84
87
88
89
90
91
92
93
94
95
96
97
98
99
100
101
102
103
105
106
107
108
109
111
113
116
117
118
119
120
121
122
123
124
125
126
128
129
130
131
132
133
134
136
139
140
141
144
145
147
148
149
150
151
152
153
154
156
157
158
159
161
162
163
164
165
166
168
170
172
174
175
177
180
184
186
188
189
191
192
193
195
196
197
198
201
203
204
205
207
209
211
212
213
214
215
216
217
219
220
221
224
225
226
227
228
229
230
231
235
236
237
240
242
244
245
246
247
249
252
253
255
256
257
260
261
263
265
266
269
274
275
277
278
279
284
286
287
292
293
294
295
296
298
300
302
306
310
311
315
318
321
323
324
325
326
327
328
330
331
333
335
336
363
364
365
368
369
370
371
373
383
386
388
391
394
395
396
397
403
406
411
413
414
416
418
419
420
421
425
426
427
430
432
433
435
437
438
445
446
447
450
451
453
454
457
458
459
461
463
464
471
473
479
481
482
484
489
490
491
493
496
497
498
499
500
504
505
511
513
521
582
583
585
589
1001
1002
1003
1004
1005
1006
1007
1008
1009
1010
1011
1012
1013
1014
1017
1018
1023
1024
1025
1026
1030
1032
1033
1037
1038
1039
1042
1043
1045
1047
1049
1051
1054
1055
1056
1058
1059
1062
1063
1064
1065
1066
1067
1068
1069
1070
1071
1073
1074
1076
1077
1078
1080
1081
1082
1083
1084
1087
1088
1089
1090
1091
1092
1093
1095
1096
1097
1098
1099
1100
1101
1102
1103
1104
1105
1106
1107
1108
1109
1111
1113
1115
1116
1117
1118
1119
1120
1121
1122
1123
1124
1125
1126
1128
1129
1130
1131
1132
1133
1134
1136
1137
1139
1140
1141
1144
1145
1147
1148
1149
1150
1151
1152
1153
1154
1156
1157
1158
1159
1161
1162
1163
1164
1165
1166
1168
1170
1172
1174
1175
1177
1180
1184
1186
1188
1189
1191
1192
1193
1195
1196
1197
1201
1203
1204
1205
1207
1208
1209
1211
1212
1213
1214
1215
1216
1217
1219
1220
1221
1224
1225
1226
1227
1228
1229
1230
1231
1235
1236
1237
1238
1240
1242
1244
1245
1246
1247
1249
1252
1253
1255
1256
1257
1260
1261
1263
1265
1266
1269
1273
1274
1275
1278
1279
1281
1283
1284
1285
1286
1287
1292
1293
1294
1295
1296
1298
1300
1306
1310
1311
1315
1318
1321
1323
1324
1325
1326
1327
1328
1330
1331
1333
1335
1336
1363
1364
1365
1368
1369
1370
1371
1373
1381
1383
1384
1386
1388
1391
1394
1395
1396
1397
1403
1406
1411
1413
1414
1416
1418
1419
1420
1421
1425
1426
1427
1430
1433
1435
1437
1438
1445
1446
1447
1450
1451
1453
1454
1457
1458
1459
1461
1463
1464
1471
1473
1479
1481
1482
1484
1489
1490
1491
1493
1496
1497
1498
1499
1500
1504
1505
1508
1511
1513
1521
1582
1583
1585
1589